tick lo hi live mean spread devi
0 2.0703499856389307e-05 0.9999274400439696 12000 0.4983674832361589 0.08313232063247841 0.2883267601740747
1 0.02474510212065456 0.9740669274182105 12000 0.4983910245396401 0.027064775398475734 0.16451375443553568
2 0.05051856579392937 0.8479790127990141 12000 0.49830084987758255 0.011463928912304374 0.10706973854597934
3 0.16009579650005717 0.8034585082730952 12000 0.4981108473392779 0.0063683099849031035 0.0798016916168016
4 0.16687923721827813 0.7783793875185632 12000 0.4980705537702803 0.004314587414729468 0.06568551906417021
5 0.18336193539225804 0.7904132499643518 12000 0.49799237595892343 0.003363740804125333 0.057997765509761955
6 0.2523309979497861 0.7208530895036662 12000 0.4980724227609267 0.002716957036081309 0.05212443799295402
7 0.21482370126191924 0.9316730589370124 12000 0.4982923324624457 0.002268325596794768 0.04762694192150876
8 0.2526460922387779 0.8449471836330692 12000 0.4985989093150949 0.001968523799321012 0.04436804930714232
9 0.2630616001063613 0.7758895694967308 12000 0.4983310874703 0.0016862113440864307 0.0410635037970024
10 0.20355308748661077 0.7569290429360434 12000 0.4985756792637842 0.0015094017444033602 0.038851019863104755
11 0.19821317060906601 0.7634620612668438 12000 0.4987395683565685 0.0013952968689106447 0.03735367276333941
12 0.25036196808031774 0.7515131200958398 12000 0.498675223018566 0.0012745515202779297 0.035700861618144876
13 0.2559354769783896 0.7331107170880411 12000 0.4985567994372844 0.0011568886516370664 0.03401306589587399
14 0.16502555823854093 0.7369694709339283 12000 0.4983830629612978 0.001059277859329895 0.03254654911553443
15 0.2540761322281421 0.747565963679136 12000 0.49865349779959 0.0010184805676656519 0.0319136423440768
16 0.23913683905807764 0.764052937292413 12000 0.4983956160821999 0.000981098701184914 0.031322495130256055
17 0.2354731962709932 0.753617153883583 12000 0.498472642960069 0.0009419997586907638 0.030692014575305477
18 0.24295762850329683 0.7537977538798135 12000 0.4985037445149187 0.0009556587114417486 0.03091373014441558
19 0.24720308640999494 0.8810190762859705 12000 0.49860489917484013 0.0008938600364290783 0.02989749214280486
20 0.24084861632971197 0.7427573863586656 12000 0.4986323184062398 0.0008544187683646385 0.029230442493479954
21 0.2233335570664444 0.7510315513532042 12000 0.4985795314900291 0.0008670611328865811 0.029445901801211337
22 0.2434664158968711 0.7634856089469375 12000 0.49870939607398523 0.0007883243875248347 0.028077115014275143
23 0.19007239762611502 0.7520686864082343 12000 0.4984033032473877 0.0007718052860639161 0.02778138380397773
24 0.25367099728397363 0.7473214427537644 12000 0.4982272092737731 0.0007533287642456599 0.027446835231874363
25 0.24096099385755676 0.8725418817371351 12000 0.49788934690866843 0.0007687297531994145 0.02772597614511371
26 0.23815600927876637 0.7543533879148685 12000 0.49744221229841923 0.0007991540790780101 0.028269313381792813
27 0.25062866512955223 0.7402804934436644 12000 0.497385489663754 0.0007435855446202634 0.027268764999909025
28 0.24474240832917596 0.7334695782301404 12000 0.4975985567806912 0.0007421743748798217 0.027242877507337983
29 0.25724282905129764 0.7478532908345756 12000 0.49755922389131296 0.0007726380847547278 0.027796368193609894
30 0.24942861040272896 0.7437797283140952 12000 0.49777845003669413 0.0007259001856439628 0.026942534877846272
31 0.21154031941595297 0.7562417845026967 12000 0.49745813695892444 0.0007639075028428217 0.027638876656673687
32 0.25205013785829383 0.7343659577705863 12000 0.49772783885505045 0.0007640385186117866 0.027641246690621367
33 0.18661988477623193 0.7461247347685251 12000 0.4976378060661141 0.0006938574732016963 0.026341174484098014
34 0.2622630269652775 0.7625939902434272 12000 0.49797371619107533 0.0007343888484042341 0.027099609746345687
35 0.26207737476188714 0.7669334414566064 12000 0.4983012225117232 0.0006902996224428139 0.026273553669856193
36 0.26386824160350786 0.7562460558731077 12000 0.4983092332080865 0.0006938723384052939 0.02634145664926854
37 0.24605421780606243 0.7484877939020308 12000 0.49845232165117515 0.0006925106617842045 0.026315597310040382
38 0.23913023746938927 0.7526455088831523 12000 0.4984217279783096 0.0006959508563377842 0.026380880507249644
39 0.23560760840451087 0.740089605275772 12000 0.4982171690927406 0.0006840973027297636 0.026155253826521424
40 0.2631342356726257 0.7574675674270573 12000 0.4985104031194903 0.0007067891005392592 0.026585505459540526
41 0.27778791377810086 0.7584038603723916 12000 0.498517186445467 0.0006685081566117279 0.025855524682584338
42 0.21068906924513414 0.7447361912819395 12000 0.4984693072137096 0.0006855526860826978 0.026183061052571715
43 0.24942465510899292 0.7501502033894594 12000 0.4988855172032376 0.0007135085349236007 0.026711580539601185
44 0.2694986169268024 0.7418260545373863 12000 0.4992679237466657 0.0007324826372290621 0.027064416439839638
45 0.2547638024900672 0.7397207666444077 12000 0.4993232226176826 0.0006933973497991108 0.026332439116024
46 0.21394285287963435 0.7461790861052696 12000 0.499094973783382 0.0006933174228474495 0.026330921420403226
47 0.24863429857525884 0.7528419798495661 12000 0.499123503136144 0.0006829745232960927 0.026133781266707134
48 0.2514988669965302 0.7498573836478579 12000 0.499291796971446 0.000664476635590616 0.025777444318446623
49 0.2677095995807363 0.7297035762123687 12000 0.49951257711222086 0.0006491715882282118 0.02547884589670835
50 0.22636097360026664 0.7490101901173438 12000 0.4994351083457776 0.0006654010052621064 0.025795367903212903
51 0.25572943061826703 0.7548471512556731 12000 0.5000709514622973 0.0006930241667798216 0.026325352168201314
52 0.25481228906914555 0.7472966448721838 12000 0.4999416424409649 0.0006952073961030963 0.02636678585082179
53 0.2659854619623814 0.7506961626417693 12000 0.5006997599711903 0.0007116020686829612 0.02667587053280476
54 0.25520047858576395 0.7229540336290732 12000 0.5002220077513436 0.0006237423247461474 0.024974833828198886
55 0.2602942671234159 0.7449309641805296 12000 0.5001813804879177 0.0005865553604326975 0.0242189050213402
56 0.25056878096082724 0.7440834011959074 12000 0.5003217713744986 0.0006021709192982324 0.024539171120847428
57 0.23562051162285524 0.7525375973094375 12000 0.5004153470563918 0.0005875845310020421 0.024240142965792136
58 0.2593031362541429 0.7551589772334166 12000 0.5001344594329582 0.0005951180265840651 0.024395041024439068
59 0.2660616421716705 0.7550298951893015 12000 0.5001069192401341 0.0006596810518280563 0.02568425688681797
60 0.24965217655620592 0.76312656379017 12000 0.500362389833561 0.0006518005634740068 0.02553038510234436
61 0.2572448252292784 0.7443767553164053 12000 0.49997240783357944 0.0006399885296316617 0.025297994577271568
62 0.26718624361284987 0.7663707177608953 12000 0.5000361006787969 0.0006614417116196927 0.025718509125135784
63 0.25459883431836333 0.7625423782755096 12000 0.4998652609361665 0.000646033084010994 0.025417180882446305
64 0.26461510978027747 0.7384564304426291 12000 0.4999936259850525 0.000633368772295852 0.02516681887517475
65 0.26845025089080643 0.7486816161042233 12000 0.5000875526318449 0.0006258749819443596 0.025017493518423455
